每幅图像的标定误差：
第1幅图像的平均误差：0.094973像素
第2幅图像的平均误差：0.0716622像素
第3幅图像的平均误差：0.0875849像素
第4幅图像的平均误差：0.104424像素
第5幅图像的平均误差：0.119791像素
第6幅图像的平均误差：0.107124像素
第7幅图像的平均误差：0.171079像素
第8幅图像的平均误差：0.145726像素
第9幅图像的平均误差：0.0978098像素
第10幅图像的平均误差：0.131377像素
第11幅图像的平均误差：0.125364像素
第12幅图像的平均误差：0.130161像素
第13幅图像的平均误差：0.0950079像素
第14幅图像的平均误差：0.0728783像素
第15幅图像的平均误差：0.107928像素
第16幅图像的平均误差：0.0662509像素
第17幅图像的平均误差：0.15048像素
第18幅图像的平均误差：0.143047像素
第19幅图像的平均误差：0.129154像素
第20幅图像的平均误差：0.10185像素
总体平均误差：0.112684像素
相机内参数矩阵：
[932.9291876264284, 0, 635.8671912454658;
 0, 930.4921922900805, 371.8276004241448;
 0, 0, 1]

畸变系数
[0.1086904956152271, -0.4761507929157704, -0.001054951507849173, -0.002746834744965305, 1.044853433965891]

第1幅图像的旋转向量：
[-42.85256194226511;
 -28.82421658226836;
 170.101907686289]
第1幅图像的旋转矩阵：
[-0.1922780386219252, -0.872964385958531, -0.4482882295039099;
 0.9719173351559056, -0.232554320360535, 0.0359886329983852;
 -0.1356681594448315, -0.4287792776355854, 0.8931643082788051]
第1幅图像的平移向量：
[2.174340590028939;
 2.215496867402621;
 0.02493136198349269]

第2幅图像的旋转向量：
[-42.0722078659781;
 -25.42380886148249;
 154.0797488225524]
第2幅图像的旋转矩阵：
[0.01108264452725938, 0.9943082550626759, -0.1059635262932432;
 -0.9075584275597813, -0.03448465855739904, -0.4185074776983041;
 -0.419779555904643, 0.1008062609087157, 0.9020106552619565]
第2幅图像的平移向量：
[1.968997276259966;
 1.859973938384643;
 0.5661527963200638]

第3幅图像的旋转向量：
[-49.54375145894385;
 -7.899454025612608;
 145.2227072792641]
第3幅图像的旋转矩阵：
[-0.7537050529338507, -0.2410728887588317, -0.6114021225735591;
 0.3059692482119158, -0.9520396969329021, -0.001798502861531909;
 -0.5816455211987936, -0.1884257884934541, 0.7913180207097545]
第3幅图像的平移向量：
[-2.090594448844722;
 -1.957804287380456;
 -0.6149364842563606]

第4幅图像的旋转向量：
[-27.10064844905421;
 -21.11637409074378;
 181.8438140605558]
第4幅图像的旋转矩阵：
[-0.9153729966537221, -0.2512053460418134, -0.314623824776824;
 0.3166189565516456, -0.93186414810415, -0.1771486546103976;
 -0.2486859733666779, -0.2617729619310207, 0.9325396522682177]
第4幅图像的平移向量：
[-2.1695010379076;
 -2.073198381433679;
 0.5690657425439829]

第5幅图像的旋转向量：
[-47.10878774657039;
 -22.70713167301465;
 168.9288899387002]
第5幅图像的旋转矩阵：
[0.6417310923961586, -0.740540479136543, -0.1994517581076996;
 0.7669231379643277, 0.6207224435452988, 0.162888147310055;
 0.00317891600736521, -0.257494556912127, 0.9662745198201417]
第5幅图像的平移向量：
[-1.97698621787656;
 -1.837327201358697;
 0.1998534836674135]

第6幅图像的旋转向量：
[-29.21643880822215;
 -9.897654729581451;
 150.3879231756873]
第6幅图像的旋转矩阵：
[-0.8441867783157582, -0.3750839456308143, -0.3829630753047627;
 0.4220399861536768, -0.9055368328541258, -0.04341997733674489;
 -0.3305010338928841, -0.1982803017814415, 0.9227426447938752]
第6幅图像的平移向量：
[-1.974064533045509;
 -1.720174290814998;
 -0.5953591580110631]

第7幅图像的旋转向量：
[-24.50710677130114;
 -8.992655333333397;
 134.9123333760672]
第7幅图像的旋转矩阵：
[0.6956047517375705, 0.7183864749264047, -0.007409588580134199;
 -0.711047772668853, 0.6869513388011237, -0.1500297407249872;
 -0.1026893097784573, 0.1096299720065538, 0.9886537183943962]
第7幅图像的平移向量：
[2.168107573030084;
 1.87092148193961;
 1.188437923505318]

第8幅图像的旋转向量：
[-26.70794478483262;
 -16.46106623752375;
 154.8443782872091]
第8幅图像的旋转矩阵：
[0.6239619000019574, -0.76760693041734, -0.146462103361983;
 0.7812429891849954, 0.6171018998642807, 0.09404593044458823;
 0.01819173425598532, -0.1731035688804945, 0.9847356067724957]
第8幅图像的平移向量：
[1.880033414208604;
 1.353159058808175;
 0.09861181115275884]

第9幅图像的旋转向量：
[-42.43413129544559;
 -19.73014524120278;
 167.5470541228527]
第9幅图像的旋转矩阵：
[-0.305680748397196, 0.9259769425197799, -0.2216438178272749;
 -0.8491598344459401, -0.3704285988016427, -0.3764441907555421;
 -0.4306818496559537, 0.07313928569224401, 0.8995353185202649]
第9幅图像的平移向量：
[-2.182907585224564;
 -1.88759850127178;
 0.7112288071192497]

第10幅图像的旋转向量：
[-39.46339874381091;
 -1.428676670851027;
 164.5782411438152]
第10幅图像的旋转矩阵：
[0.9266405547648983, 0.3756753290040626, -0.01432932108269657;
 -0.3753699515896673, 0.9224284624646323, -0.09068148145407316;
 -0.0208490217653609, 0.08940793484262981, 0.9957768522508462]
第10幅图像的平移向量：
[-2.135367558424769;
 -1.453444574005043;
 0.2085553995961495]

第11幅图像的旋转向量：
[-35.75065470531748;
 -8.840360082100483;
 159.4206454529925]
第11幅图像的旋转矩阵：
[0.9689031406196189, -0.2465773782425842, -0.0206470490979358;
 0.2473484200547975, 0.9674394146161709, 0.05366319170079156;
 0.006742639975147948, -0.05710144994773787, 0.9983456121103711]
第11幅图像的平移向量：
[-2.234810735311359;
 -1.829717246305108;
 0.01835962238943551]

第12幅图像的旋转向量：
[-28.37111360770767;
 -8.177747593850068;
 162.1607971546353]
第12幅图像的旋转矩阵：
[0.1329462859619429, -0.9706014708261983, -0.2006441374148415;
 0.9858627613088402, 0.1086727108827135, 0.1275337515088094;
 -0.1019799044588388, -0.2147627219501156, 0.9713274794564105]
第12幅图像的平移向量：
[-2.363152610864169;
 -2.015437852261954;
 -0.01315778387844643]

第13幅图像的旋转向量：
[11.15174244532926;
 -30.47142114320611;
 200.2000526713302]
第13幅图像的旋转矩阵：
[-0.1752909392143625, -0.9809406166999487, -0.08383670519331661;
 0.9614629821377382, -0.1522443976589242, -0.2289335653858531;
 0.2118065641290515, -0.1207358682819474, 0.9698251540881222]
第13幅图像的平移向量：
[-1.773540796187165;
 -2.575750446209081;
 0.292645884878473]

第14幅图像的旋转向量：
[-88.00079155389552;
 7.509335847213011;
 222.7351716935859]
第14幅图像的旋转矩阵：
[0.7085078762798713, -0.6997360928407133, -0.09157504914221501;
 0.6919794469452882, 0.6633893329987099, 0.2847438109403251;
 -0.1384956109581798, -0.2651112846325845, 0.9542195620012101]
第14幅图像的平移向量：
[2.045621034849141;
 1.676821363882614;
 0.1209200859244021]

第15幅图像的旋转向量：
[-12.70711471963722;
 25.45622015768368;
 258.4395550684092]
第15幅图像的旋转矩阵：
[-0.7267079956563026, -0.6867296988528581, -0.01725716554542424;
 0.6701651925572157, -0.7142504162919253, 0.2018042554347194;
 -0.150910913236748, 0.1350876143111364, 0.9792738292866695]
第15幅图像的平移向量：
[2.20816347179915;
 2.033057454384795;
 -0.3801629769828663]

第16幅图像的旋转向量：
[-32.81846844153117;
 16.05234800337269;
 223.350563677884]
第16幅图像的旋转矩阵：
[0.9924663927266466, -0.1222761628748107, 0.007681100231769767;
 0.1221178638582818, 0.992343288342166, 0.01849392897539513;
 -0.009883654933670771, -0.01741660342516813, 0.9997994675385072]
第16幅图像的平移向量：
[-2.130758774996508;
 -1.705858417579128;
 -0.5450826486924341]

第17幅图像的旋转向量：
[-47.72813927829351;
 -42.3380562465877;
 185.7326397479581]
第17幅图像的旋转矩阵：
[0.02563200828464673, -0.8909036567059563, -0.4534684935243585;
 0.9994166973498704, 0.01259722569258163, 0.03174232132544344;
 -0.02256690518377164, -0.4540176035935232, 0.8907068824353054]
第17幅图像的平移向量：
[1.754324103881574;
 2.335063592029854;
 -0.06477613382611019]

第18幅图像的旋转向量：
[-70.81486074181767;
 -41.61991714968545;
 202.6567017493608]
第18幅图像的旋转矩阵：
[0.3946050586855472, 0.9185654851539548, -0.02289753575509515;
 -0.8351914576582619, 0.3481766845452985, -0.4257090854018876;
 -0.3830692844831647, 0.1871107848920626, 0.9045703275382367]
第18幅图像的平移向量：
[1.901985885065477;
 2.307920348254128;
 0.01567525333545268]

第19幅图像的旋转向量：
[-28.18349525829974;
 -23.26850818779634;
 214.5931704841746]
第19幅图像的旋转矩阵：
[-0.5841497036213862, 0.8025713889232338, -0.1210301179082224;
 -0.757976868627632, -0.5927480072665715, -0.2722514765927966;
 -0.2902416069148191, -0.06729758958045938, 0.9545841209930972]
第19幅图像的平移向量：
[1.887236811004812;
 2.433024451231564;
 -0.2341622075716933]

第20幅图像的旋转向量：
[-19.14815609738148;
 -6.791371484984317;
 220.2718408055539]
第20幅图像的旋转矩阵：
[0.2774439150081708, -0.9562982464759345, -0.09229592521878516;
 0.9601677513553585, 0.2726751217381088, 0.06104233975120824;
 -0.03320787981990506, -0.1055553966984174, 0.9938587902442211]
第20幅图像的平移向量：
[2.145845797886758;
 2.157164518276895;
 -0.2290357418241275]


