每幅图像的标定误差：
第1幅图像的平均误差：0.0738363像素
第2幅图像的平均误差：0.135887像素
第3幅图像的平均误差：0.0469552像素
第4幅图像的平均误差：0.0532678像素
第5幅图像的平均误差：0.0748498像素
第6幅图像的平均误差：0.0772186像素
第7幅图像的平均误差：0.0687528像素
第8幅图像的平均误差：0.0843181像素
第9幅图像的平均误差：0.05233像素
第10幅图像的平均误差：0.07783像素
第11幅图像的平均误差：0.116421像素
第12幅图像的平均误差：0.104268像素
第13幅图像的平均误差：0.0963514像素
第14幅图像的平均误差：0.0905972像素
第15幅图像的平均误差：0.120654像素
第16幅图像的平均误差：0.210251像素
第17幅图像的平均误差：0.0870256像素
第18幅图像的平均误差：0.0688581像素
第19幅图像的平均误差：0.0949342像素
第20幅图像的平均误差：0.111813像素
第21幅图像的平均误差：0.196524像素
第22幅图像的平均误差：0.0701349像素
第23幅图像的平均误差：0.0706094像素
第24幅图像的平均误差：0.0706673像素
第25幅图像的平均误差：0.0907388像素
第26幅图像的平均误差：0.0911488像素
第27幅图像的平均误差：0.0837905像素
第28幅图像的平均误差：0.0817833像素
第29幅图像的平均误差：0.134765像素
第30幅图像的平均误差：0.0889905像素
总体平均误差：0.0941857像素
相机内参数矩阵：
[934.1087216816561, 0, 643.1433147564123;
 0, 932.4169894282852, 377.0533877008528;
 0, 0, 1]

畸变系数
[0.11031947382299, -0.2460105713128413, 0.0005400765262126443, -3.861906183362197e-05, 0.07000577142505852]

第1幅图像的旋转向量：
[-51.4850640542794;
 -32.60387749980322;
 200.3895475927377]
第1幅图像的旋转矩阵：
[-0.418634292808102, -0.7652653940564933, -0.4889930526547597;
 0.8808110656066357, -0.4732781496001385, -0.0134037239591098;
 -0.2211723210303752, -0.4363217502836975, 0.872184690670163]
第1幅图像的平移向量：
[-2.164929004044282;
 -2.181381286977063;
 0.114980865530865]

第2幅图像的旋转向量：
[-65.75409190588202;
 -31.67334159012637;
 176.9415439413432]
第2幅图像的旋转矩阵：
[-0.7398975760431927, -0.1023357049047505, -0.664890201813093;
 0.3266273447679552, -0.918693177847816, -0.2220752634259755;
 -0.5881038637989408, -0.3814842702884732, 0.7131644949850121]
第2幅图像的平移向量：
[2.14110242189997;
 1.864089121338532;
 0.362310196032988]

第3幅图像的旋转向量：
[-60.65265425203259;
 -42.40410088988111;
 219.0127827155852]
第3幅图像的旋转矩阵：
[0.3184050856520851, 0.9479403556979358, -0.005223358130508726;
 -0.8774884803917411, 0.2926472244942813, -0.3799625886526025;
 -0.3586532701798233, 0.1255654571730019, 0.9249871068043345]
第3幅图像的平移向量：
[2.123246347346507;
 1.999758690411203;
 -0.264576737904788]

第4幅图像的旋转向量：
[-77.64644776663626;
 -43.10927123506101;
 222.2337967733457]
第4幅图像的旋转矩阵：
[0.8626579804449501, -0.4854028540706424, -0.1421452708841015;
 0.5033445478579417, 0.8514807112683482, 0.1470539509147302;
 0.04965354887945253, -0.1984053114158547, 0.978861510881725]
第4幅图像的平移向量：
[-2.125955464024984;
 -2.031128030282587;
 0.44017226298094]

第5幅图像的旋转向量：
[-49.18449273150154;
 -49.00361917429333;
 206.3251497181462]
第5幅图像的旋转矩阵：
[-0.5209889834853134, 0.8377362842967739, -0.163610504123588;
 -0.6747031808475878, -0.5215896361887163, -0.5222258794570314;
 -0.5228251111424232, -0.1616854025357804, 0.8369657900809061]
第5幅图像的平移向量：
[-2.081219930820763;
 -2.137866644453261;
 0.2131932816417842]

第6幅图像的旋转向量：
[-46.34534422192615;
 -39.00264212397597;
 215.925905987729]
第6幅图像的旋转矩阵：
[-0.2969010603351419, 0.9488988313859035, -0.1069615265707037;
 -0.8515156497768548, -0.3137822485177503, -0.4200735634388884;
 -0.4321699417555199, -0.03364087260479032, 0.9011644872793306]
第6幅图像的平移向量：
[-2.22408533959819;
 -2.170563397215421;
 0.4356259582292566]

第7幅图像的旋转向量：
[-49.00388495418434;
 -45.38309218832955;
 197.1916241236271]
第7幅图像的旋转矩阵：
[0.6782467489810734, -0.6945994260190661, -0.2398186499640687;
 0.7295525140552858, 0.6755611157216395, 0.1066316470872769;
 0.0879458738782934, -0.2472828669740736, 0.9649438879897969]
第7幅图像的平移向量：
[-1.991144660262671;
 -1.904815857701651;
 -0.351971227770941]

第8幅图像的旋转向量：
[-57.40620392392158;
 -19.51043924352117;
 209.9257172923418]
第8幅图像的旋转矩阵：
[0.2223578534555518, 0.9672055115965517, -0.122761896954602;
 -0.9280160647231921, 0.1713632452928356, -0.3307881826462179;
 -0.2989032763659835, 0.1874783627514398, 0.9356862160349056]
第8幅图像的平移向量：
[1.979100013454215;
 1.805649724876248;
 -0.570729393014923]

第9幅图像的旋转向量：
[-68.49889154904896;
 -43.22384349834341;
 176.4958452491135]
第9幅图像的旋转矩阵：
[0.8543668030889169, 0.5149885780338178, 0.06959978645319571;
 -0.488871037156851, 0.8419122281403669, -0.2284489201920369;
 -0.1762454958539619, 0.1611538538243166, 0.9710648591050764]
第9幅图像的平移向量：
[1.872061666175627;
 1.780832861084342;
 0.5148299217519148]

第10幅图像的旋转向量：
[-25.34789864508392;
 -33.6290816627778;
 232.7974404425704]
第10幅图像的旋转矩阵：
[-0.5584578755354096, 0.8280199106473448, -0.05007822704569126;
 -0.7799961475346454, -0.5447002292958385, -0.3080708847589665;
 -0.282366448225685, -0.1329837876458019, 0.9500444732431146]
第10幅图像的平移向量：
[-1.950475453944108;
 -1.880697017371569;
 0.4895210576639292]

第11幅图像的旋转向量：
[-39.80633931656075;
 -32.04564431643534;
 158.8437456410018]
第11幅图像的旋转矩阵：
[-0.8266446460743566, 0.4216062020363645, -0.3727020787721396;
 -0.2441303019341682, -0.8654353375318061, -0.4375180821734581;
 -0.5070098862883581, -0.2706841091672749, 0.818334337694677]
第11幅图像的平移向量：
[1.942231101947071;
 1.943130832133493;
 1.048356556468782]

第12幅图像的旋转向量：
[-34.48539816677899;
 -30.31564052960362;
 200.139527640893]
第12幅图像的旋转矩阵：
[-0.3815867060678105, 0.9190323934193388, -0.09884859937419457;
 -0.8485318336241666, -0.3906974398442086, -0.3568602497135127;
 -0.3665860241181161, -0.05229694393654966, 0.9289131910873962]
第12幅图像的平移向量：
[-2.066768564923346;
 -1.787619394766173;
 0.3950616853847759]

第13幅图像的旋转向量：
[-30.51130534828901;
 -16.7026439273707;
 204.0862527322417]
第13幅图像的旋转矩阵：
[0.9516071166826119, 0.3067970398512297, 0.01787377457418139;
 -0.3056207054142652, 0.9508546682971183, -0.04971301841232275;
 -0.03224716888492103, 0.04184466651916317, 0.9986035970207635]
第13幅图像的平移向量：
[-2.008865511942011;
 -1.466286527967594;
 -0.01021721969321749]

第14幅图像的旋转向量：
[-28.89126782937699;
 -47.7150585462812;
 178.0250346338193]
第14幅图像的旋转矩阵：
[-0.324894524013639, 0.9449759373445553, 0.03826259407998686;
 -0.8374427742716705, -0.2686523518080478, -0.4759364597172325;
 -0.4394691662518758, -0.1866718824777417, 0.878646948555617]
第14幅图像的平移向量：
[1.757198224973817;
 2.495099333632962;
 0.3580556962044161]

第15幅图像的旋转向量：
[-28.4690119252835;
 -41.45496925834832;
 177.6914732223393]
第15幅图像的旋转矩阵：
[-0.7333039392224855, -0.5460443248771327, -0.4050937274141153;
 0.668930698121712, -0.6860296662590669, -0.2861730562489632;
 -0.1216431413240561, -0.4808314593305533, 0.8683340681367198]
第15幅图像的平移向量：
[1.841280557418805;
 2.197493145477623;
 0.3392595702113996]

第16幅图像的旋转向量：
[-43.06571078202614;
 -38.07739738268022;
 197.7737174712984]
第16幅图像的旋转矩阵：
[0.2190465206277195, 0.97555260957555, 0.0177687295894878;
 -0.9124118630520848, 0.2112538519620806, -0.3505373049947847;
 -0.3457212952114946, 0.06057157734051205, 0.9363801952496478]
第16幅图像的平移向量：
[-1.926254099492781;
 -2.090322893073785;
 -0.4430336142006321]

第17幅图像的旋转向量：
[-48.98497579658252;
 -5.535370089909488;
 220.4955509254515]
第17幅图像的旋转矩阵：
[0.9690347867227123, 0.2469233063509508, -0.0006803690043526746;
 -0.2465781305396492, 0.967526981510672, -0.0555946543151371;
 -0.01306934048983703, 0.0540409181043622, 0.9984531894433502]
第17幅图像的平移向量：
[1.952545929781438;
 1.799780132115106;
 -0.5405828713659364]

第18幅图像的旋转向量：
[-48.84542081654595;
 -10.96347689249637;
 227.7907735721337]
第18幅图像的旋转矩阵：
[0.7441886075741986, -0.6623149359211276, -0.08673085963235964;
 0.6675829256335131, 0.7330446149335462, 0.1303020718159471;
 -0.02272341874311067, -0.1548693584048231, 0.9876735938901595]
第18幅图像的平移向量：
[1.957220341104696;
 2.099008494068947;
 -0.7620372883346007]

第19幅图像的旋转向量：
[-38.72483968146354;
 -14.5974804079382;
 241.0687278065292]
第19幅图像的旋转矩阵：
[0.9033713921211001, 0.4287320355661928, 0.01043884938364618;
 -0.4268590605445372, 0.9012400494044995, -0.07455008907043875;
 -0.04136992057305361, 0.06289050030524512, 0.997162631992964]
第19幅图像的平移向量：
[1.973749176474155;
 2.156343862833978;
 -0.9639842078617022]

第20幅图像的旋转向量：
[-40.31748145254642;
 -20.92320481394854;
 233.6009860254086]
第20幅图像的旋转矩阵：
[0.7159370558306297, 0.6980343979049445, 0.01349486680376941;
 -0.689321820837992, 0.7098035515783073, -0.1449632556319582;
 -0.1107680432487862, 0.09448226028362661, 0.9893450071064857]
第20幅图像的平移向量：
[-1.969696925439927;
 -2.123967724114058;
 0.6760077278519311]

第21幅图像的旋转向量：
[-29.58560146116521;
 -11.40444716338798;
 195.2148852269074]
第21幅图像的旋转矩阵：
[-0.9446736192666597, -0.1275957008705003, -0.3021772496085632;
 0.1619140052841889, -0.9825737818028812, -0.09128317592204821;
 -0.2852641021132202, -0.135159536966319, 0.9488710616372434]
第21幅图像的平移向量：
[-1.977944424022737;
 -2.041395823521601;
 -0.2737368026947588]

第22幅图像的旋转向量：
[-48.93215938510934;
 -21.41013749062862;
 205.4267221923197]
第22幅图像的旋转矩阵：
[0.2404701485857267, 0.9673460068919301, -0.08009875523000491;
 -0.9300396558002199, 0.2060005821612445, -0.304286047639777;
 -0.2778495029294939, 0.1476667298326406, 0.9492071378905484]
第22幅图像的平移向量：
[-2.260701532638274;
 -2.090634669927285;
 -0.1184747652752509]

第23幅图像的旋转向量：
[-36.67917581756854;
 -22.94314703960593;
 182.2058411853988]
第23幅图像的旋转矩阵：
[0.3654065263476921, 0.9307883205041086, -0.01054385677320915;
 -0.8991187915298661, 0.3499962958241624, -0.2628459465680201;
 -0.2409636263430364, 0.1055258040599831, 0.9647802005934344]
第23幅图像的平移向量：
[1.949272732446448;
 1.62890638934964;
 0.5533417327074467]

第24幅图像的旋转向量：
[-31.54058487733608;
 -10.6437263286813;
 174.8948889655165]
第24幅图像的旋转矩阵：
[-0.4621348222507412, -0.8293011632545328, -0.3141512162764203;
 0.8612769402532996, -0.5041164848657217, 0.06378559300141824;
 -0.2112662733405164, -0.2410936546475393, 0.9472277505634549]
第24幅图像的平移向量：
[2.130127038381959;
 1.94748717762598;
 0.8211746280280233]

第25幅图像的旋转向量：
[-92.75528285012692;
 -22.95661336101189;
 173.47877411748]
第25幅图像的旋转矩阵：
[-0.55435288542248, 0.2249162227826663, -0.8013149013670898;
 -0.008746888699908112, -0.964314098750459, -0.264616346602324;
 -0.8322357660914618, -0.1396818230131176, 0.5365376202633788]
第25幅图像的平移向量：
[1.887944327606207;
 1.960201024849639;
 0.4389980561991109]

第26幅图像的旋转向量：
[9.185409862748203;
 -16.66071394262231;
 206.4314896973869]
第26幅图像的旋转矩阵：
[0.9992491121668633, 0.03861720436064831, 0.003150136680106956;
 -0.0386225626427899, 0.9992524945883027, 0.00165822614800989;
 -0.003083745877857123, -0.00177864735743154, 0.9999936634423934]
第26幅图像的平移向量：
[-2.067805866465951;
 -2.034773951468659;
 0.4632697891536353]

第27幅图像的旋转向量：
[-20.68398982382379;
 -14.56131030071557;
 188.9150355387914]
第27幅图像的旋转矩阵：
[-0.4917773073965538, -0.8403121003718488, -0.2281022882358864;
 0.8653422333662955, -0.5007441826995985, -0.02093042391216825;
 -0.09663280541527992, -0.2076796510521989, 0.973412175522995]
第27幅图像的平移向量：
[-2.141016068069584;
 -1.829217238562306;
 -0.3534200999694982]

第28幅图像的旋转向量：
[14.54247895537779;
 -37.36206508597806;
 223.1059298444834]
第28幅图像的旋转矩阵：
[0.8851595736002802, -0.4600590005685755, -0.06955749607061518;
 0.4576202903885368, 0.8878176901700658, -0.04861500638486377;
 0.08412014674548232, 0.01120111677166651, 0.9963926615017726]
第28幅图像的平移向量：
[1.717096376879457;
 2.365243893572752;
 -0.4955582704069419]

第29幅图像的旋转向量：
[-4.981541089434507;
 -36.32108365024516;
 202.6064200468298]
第29幅图像的旋转矩阵：
[0.1224627555265087, 0.9804235491030495, 0.1541834552506672;
 -0.9729285060337005, 0.1492724538771903, -0.1764308835224528;
 -0.195992335707001, -0.1284032666160096, 0.972162334935093]
第29幅图像的平移向量：
[-2.023536850755341;
 -2.290360438441338;
 0.2157353518338879]

第30幅图像的旋转向量：
[-16.90245059891265;
 -19.40182793847201;
 181.1600035595126]
第30幅图像的旋转矩阵：
[0.7231003501642779, -0.6836047510127704, -0.09904760464073238;
 0.6890757559955715, 0.7238572430604011, 0.03471734678985047;
 0.0479633828188774, -0.09335542866787869, 0.9944768865322142]
第30幅图像的平移向量：
[-2.011462090029149;
 -2.089456890157124;
 -0.3390835302201621]


